data/terrain.dem
ncols 121
nrows 121
xllcorner -60
yllcorner -60
cellsize 1
NODATA_value -9999
[rows 0 to 32 of 121, columns 0 to 73 of 121]
0.104 0.153 0.246 0.279 0.317 0.358 0.407 0.440 0.500 0.552 0.571 0.607 0.676 0.702 0.722 0.765 0.793 0.836 0.852 0.912 0.899 0.952 0.936 0.950 0.964 0.982 1.004 1.020 0.989 1.031 1.011 1.010 1.006 1.010 0.981 0.981 0.960 0.901 0.887 0.872 0.851 0.803 0.778 0.782 0.730 0.700 0.668 0.657 0.609 0.571 0.516 0.480 0.431 0.392 0.393 0.326 0.281 0.266 0.214 0.163 0.159 0.137 0.084 0.065 0.025 0.008 -0.061 -0.069 -0.089 -0.102 -0.122 -0.150 -0.183 -0.184
0.141 0.200 0.224 0.258 0.323 0.381 0.430 0.442 0.504 0.544 0.588 0.612 0.654 0.701 0.739 0.758 0.781 0.820 0.840 0.869 0.931 0.957 0.929 0.950 0.975 0.990 1.009 0.996 0.998 1.020 1.013 1.012 0.991 0.994 0.962 0.954 0.923 0.915 0.906 0.848 0.831 0.833 0.804 0.771 0.722 0.686 0.680 0.612 0.581 0.551 0.532 0.473 0.464 0.406 0.363 0.320 0.293 0.245 0.238 0.187 0.173 0.133 0.083 0.048 0.031 0.013 -0.034 -0.055 -0.105 -0.102 -0.140 -0.150 -0.157 -0.198
0.145 0.170 0.246 0.297 0.338 0.343 0.398 0.472 0.484 0.526 0.610 0.618 0.673 0.694 0.756 0.786 0.784 0.833 0.887 0.867 0.889 0.924 0.962 0.972 0.963 0.984 0.972 0.995 0.994 0.999 0.977 1.001 0.969 0.978 0.971 0.916 0.906 0.912 0.899 0.845 0.847 0.810 0.766 0.724 0.693 0.705 0.656 0.600 0.578 0.520 0.506 0.465 0.446 0.378 0.371 0.306 0.273 0.236 0.235 0.158 0.125 0.138 0.106 0.053 0.029 0.008 -0.046 -0.054 -0.100 -0.096 -0.111 -0.124 -0.181 -0.172
0.127 0.165 0.226 0.261 0.340 0.394 0.417 0.483 0.488 0.547 0.573 0.607 0.679 0.719 0.726 0.749 0.804 0.841 0.850 0.886 0.928 0.914 0.944 0.965 0.957 0.956 0.989 0.967 0.990 0.983 0.990 0.991 0.978 0.959 0.955 0.927 0.920 0.893 0.871 0.846 0.824 0.802 0.771 0.749 0.717 0.675 0.639 0.582 0.552 0.554 0.479 0.479 0.399 0.399 0.352 0.332 0.270 0.231 0.204 0.190 0.155 0.108 0.067 0.049 0.052 -0.016 -0.039 -0.057 -0.056 -0.113 -0.097 -0.150 -0.118 -0.157
0.121 0.197 0.243 0.290 0.344 0.379 0.426 0.452 0.495 0.562 0.581 0.642 0.645 0.707 0.741 0.757 0.798 0.836 0.874 0.867 0.874 0.921 0.932 0.924 0.935 0.960 0.955 0.983 0.986 0.987 0.981 0.975 0.951 0.961 0.946 0.910 0.913 0.892 0.840 0.845 0.814 0.771 0.738 0.703 0.683 0.674 0.630 0.577 0.564 0.529 0.489 0.459 0.419 0.394 0.323 0.324 0.297 0.227 0.206 0.191 0.162 0.119 0.086 0.085 0.061 -0.006 -0.004 -0.047 -0.051 -0.076 -0.090 -0.113 -0.114 -0.131
0.140 0.199 0.205 0.288 0.344 0.366 0.433 0.476 0.501 0.523 0.573 0.641 0.645 0.692 0.747 0.773 0.789 0.821 0.860 0.879 0.897 0.896 0.906 0.957 0.961 0.945 0.957 0.965 0.976 0.936 0.929 0.932 0.953 0.938 0.930 0.905 0.870 0.843 0.823 0.785 0.779 0.738 0.706 0.688 0.667 0.623 0.609 0.592 0.562 0.482 0.491 0.453 0.413 0.388 0.333 0.317 0.291 0.255 0.200 0.160 0.144 0.099 0.070 0.082 0.023 0.006 -0.005 -0.035 -0.019 -0.048 -0.082 -0.065 -0.111 -0.127
0.145 0.174 0.238 0.268 0.299 0.383 0.394 0.438 0.485 0.528 0.597 0.596 0.659 0.684 0.728 0.737 0.764 0.789 0.848 0.846 0.866 0.902 0.912 0.909 0.928 0.930 0.924 0.963 0.931 0.951 0.930 0.932 0.932 0.920 0.877 0.883 0.855 0.839 0.834 0.800 0.766 0.727 0.681 0.693 0.667 0.633 0.574 0.559 0.522 0.477 0.450 0.420 0.414 0.381 0.330 0.309 0.259 0.238 0.185 0.161 0.159 0.116 0.101 0.085 0.036 0.041 -0.014 0.015 -0.024 -0.048 -0.051 -0.056 -0.085 -0.081
0.137 0.189 0.219 0.291 0.325 0.360 0.413 0.464 0.502 0.516 0.598 0.632 0.670 0.673 0.725 0.767 0.771 0.798 0.820 0.843 0.868 0.871 0.893 0.924 0.895 0.921 0.900 0.915 0.922 0.919 0.934 0.916 0.905 0.888 0.861 0.861 0.848 0.807 0.769 0.752 0.757 0.715 0.698 0.679 0.626 0.589 0.565 0.543 0.481 0.473 0.449 0.395 0.370 0.353 0.299 0.292 0.262 0.213 0.188 0.182 0.163 0.115 0.099 0.092 0.040 0.034 0.011 0.016 0.010 -0.021 -0.034 -0.061 -0.052 -0.047
0.110 0.184 0.235 0.264 0.298 0.350 0.404 0.457 0.469 0.532 0.591 0.605 0.644 0.695 0.710 0.753 0.774 0.766 0.784 0.849 0.853 0.850 0.897 0.866 0.914 0.917 0.922 0.882 0.877 0.890 0.899 0.879 0.870 0.853 0.840 0.830 0.816 0.796 0.774 0.741 0.710 0.679 0.686 0.636 0.588 0.596 0.573 0.508 0.483 0.438 0.429 0.397 0.354 0.347 0.306 0.307 0.253 0.237 0.224 0.157 0.154 0.121 0.087 0.109 0.049 0.063 0.021 0.028 -0.013 0.020 -0.017 -0.035 -0.036 -0.027
0.107 0.172 0.222 0.260 0.301 0.344 0.414 0.443 0.501 0.531 0.559 0.600 0.610 0.672 0.706 0.742 0.760 0.781 0.795 0.793 0.850 0.847 0.852 0.874 0.851 0.857 0.867 0.862 0.877 0.878 0.869 0.860 0.839 0.825 0.788 0.782 0.760 0.733 0.718 0.716 0.675 0.645 0.639 0.615 0.586 0.545 0.518 0.484 0.486 0.434 0.406 0.362 0.352 0.326 0.321 0.295 0.272 0.226 0.206 0.173 0.171 0.121 0.111 0.103 0.059 0.076 0.058 0.046 0.015 -0.004 -0.000 0.006 -0.014 0.017
0.115 0.172 0.190 0.254 0.295 0.331 0.391 0.415 0.447 0.532 0.565 0.566 0.627 0.659 0.658 0.691 0.730 0.741 0.791 0.810 0.782 0.814 0.822 0.826 0.855 0.828 0.848 0.870 0.820 0.821 0.834 0.816 0.801 0.812 0.782 0.754 0.766 0.712 0.701 0.673 0.648 0.651 0.603 0.609 0.582 0.555 0.505 0.467 0.460 0.417 0.399 0.396 0.326 0.323 0.313 0.249 0.248 0.212 0.182 0.183 0.176 0.136 0.132 0.132 0.093 0.060 0.080 0.058 0.068 0.068 0.030 0.057 0.040 0.047
0.097 0.166 0.183 0.270 0.289 0.313 0.372 0.433 0.465 0.516 0.516 0.549 0.591 0.640 0.677 0.679 0.730 0.731 0.731 0.757 0.776 0.795 0.805 0.815 0.809 0.821 0.839 0.832 0.803 0.786 0.826 0.789 0.760 0.771 0.771 0.721 0.709 0.711 0.653 0.679 0.613 0.597 0.569 0.562 0.515 0.520 0.466 0.442 0.417 0.401 0.389 0.360 0.358 0.297 0.263 0.279 0.220 0.201 0.205 0.181 0.148 0.151 0.132 0.139 0.113 0.101 0.111 0.070 0.088 0.054 0.046 0.068 0.083 0.081
0.128 0.138 0.207 0.239 0.298 0.338 0.369 0.411 0.442 0.496 0.520 0.542 0.587 0.634 0.634 0.650 0.698 0.708 0.714 0.752 0.762 0.766 0.767 0.783 0.768 0.788 0.804 0.796 0.790 0.762 0.784 0.754 0.765 0.741 0.714 0.716 0.669 0.682 0.666 0.646 0.598 0.563 0.538 0.561 0.509 0.472 0.456 0.430 0.407 0.372 0.369 0.349 0.304 0.297 0.277 0.251 0.247 0.205 0.214 0.193 0.163 0.140 0.164 0.105 0.138 0.095 0.110 0.098 0.079 0.093 0.104 0.101 0.125 0.123
0.082 0.166 0.186 0.213 0.290 0.337 0.350 0.374 0.441 0.490 0.506 0.558 0.541 0.601 0.618 0.624 0.649 0.659 0.708 0.694 0.750 0.744 0.753 0.727 0.760 0.756 0.765 0.747 0.726 0.750 0.722 0.719 0.716 0.706 0.675 0.679 0.639 0.612 0.595 0.585 0.584 0.540 0.516 0.487 0.489 0.468 0.428 0.423 0.407 0.392 0.331 0.306 0.307 0.269 0.247 0.255 0.248 0.214 0.176 0.203 0.193 0.150 0.159 0.127 0.126 0.133 0.130 0.108 0.133 0.126 0.120 0.139 0.133 0.149
0.113 0.140 0.208 0.245 0.251 0.327 0.343 0.391 0.435 0.459 0.485 0.518 0.566 0.562 0.586 0.625 0.632 0.658 0.646 0.661 0.673 0.717 0.708 0.701 0.705 0.704 0.727 0.697 0.734 0.684 0.702 0.708 0.674 0.640 0.665 0.617 0.623 0.611 0.600 0.569 0.549 0.508 0.516 0.493 0.444 0.457 0.437 0.387 0.377 0.363 0.338 0.296 0.294 0.277 0.235 0.234 0.227 0.211 0.196 0.184 0.182 0.145 0.137 0.135 0.136 0.171 0.171 0.140 0.142 0.185 0.164 0.179 0.185 0.198
0.073 0.158 0.158 0.211 0.234 0.295 0.313 0.369 0.398 0.411 0.488 0.486 0.532 0.525 0.547 0.580 0.631 0.631 0.619 0.648 0.671 0.646 0.702 0.665 0.678 0.681 0.670 0.689 0.684 0.671 0.680 0.638 0.649 0.633 0.603 0.595 0.562 0.542 0.530 0.506 0.514 0.508 0.449 0.453 0.413 0.429 0.379 0.348 0.345 0.347 0.320 0.309 0.269 0.245 0.247 0.227 0.230 0.204 0.222 0.185 0.169 0.157 0.178 0.156 0.151 0.162 0.185 0.175 0.191 0.176 0.194 0.224 0.241 0.282
0.091 0.130 0.171 0.230 0.242 0.280 0.318 0.364 0.373 0.398 0.447 0.445 0.490 0.520 0.559 0.570 0.573 0.616 0.625 0.634 0.613 0.657 0.627 0.646 0.637 0.662 0.632 0.638 0.654 0.646 0.636 0.599 0.583 0.598 0.589 0.537 0.548 0.504 0.498 0.495 0.455 0.445 0.456 0.404 0.410 0.396 0.360 0.341 0.328 0.322 0.297 0.272 0.262 0.273 0.263 0.239 0.206 0.220 0.178 0.182 0.189 0.203 0.192 0.187 0.207 0.177 0.220 0.221 0.232 0.246 0.276 0.267 0.291 0.331
0.070 0.104 0.168 0.175 0.231 0.282 0.303 0.324 0.341 0.380 0.419 0.427 0.473 0.471 0.503 0.545 0.568 0.545 0.563 0.573 0.610 0.576 0.595 0.625 0.598 0.585 0.592 0.590 0.596 0.587 0.554 0.564 0.561 0.569 0.533 0.529 0.526 0.510 0.470 0.453 0.447 0.425 0.419 0.369 0.397 0.357 0.350 0.316 0.315 0.286 0.282 0.284 0.268 0.261 0.231 0.211 0.209 0.204 0.200 0.194 0.177 0.200 0.175 0.185 0.222 0.226 0.242 0.251 0.279 0.277 0.274 0.305 0.370 0.395
0.077 0.130 0.129 0.156 0.232 0.227 0.262 0.315 0.321 0.384 0.373 0.398 0.458 0.454 0.458 0.512 0.529 0.542 0.528 0.533 0.544 0.556 0.568 0.582 0.585 0.563 0.582 0.565 0.528 0.519 0.555 0.514 0.523 0.480 0.466 0.454 0.484 0.449 0.432 0.430 0.407 0.397 0.362 0.349 0.344 0.353 0.303 0.311 0.300 0.269 0.256 0.232 0.268 0.239 0.248 0.208 0.205 0.198 0.184 0.214 0.193 0.187 0.194 0.231 0.206 0.231 0.255 0.251 0.301 0.316 0.352 0.365 0.394 0.417
0.051 0.105 0.129 0.157 0.211 0.229 0.260 0.292 0.314 0.350 0.367 0.398 0.395 0.408 0.438 0.476 0.481 0.497 0.479 0.508 0.519 0.492 0.496 0.528 0.522 0.514 0.510 0.500 0.501 0.519 0.468 0.487 0.490 0.437 0.433 0.411 0.440 0.425 0.391 0.365 0.375 0.352 0.329 0.305 0.334 0.291 0.288 0.273 0.273 0.255 0.223 0.247 0.236 0.248 0.213 0.227 0.194 0.197 0.231 0.224 0.235 0.198 0.238 0.213 0.251 0.247 0.280 0.314 0.316 0.335 0.394 0.417 0.477 0.515
0.059 0.089 0.115 0.147 0.200 0.206 0.255 0.275 0.294 0.342 0.318 0.339 0.369 0.391 0.414 0.436 0.419 0.450 0.458 0.472 0.475 0.465 0.470 0.477 0.469 0.486 0.480 0.453 0.472 0.460 0.425 0.455 0.447 0.413 0.394 0.377 0.388 0.385 0.358 0.356 0.309 0.302 0.299 0.298 0.293 0.279 0.261 0.264 0.245 0.214 0.237 0.200 0.203 0.215 0.209 0.190 0.206 0.185 0.213 0.219 0.227 0.216 0.246 0.271 0.256 0.308 0.321 0.336 0.351 0.417 0.418 0.485 0.515 0.571
0.048 0.075 0.091 0.122 0.188 0.210 0.218 0.237 0.284 0.293 0.316 0.326 0.325 0.384 0.396 0.408 0.409 0.407 0.414 0.413 0.428 0.422 0.445 0.449 0.452 0.424 0.409 0.432 0.406 0.381 0.406 0.386 0.390 0.388 0.357 0.325 0.353 0.311 0.331 0.326 0.304 0.275 0.288 0.278 0.261 0.239 0.216 0.241 0.221 0.203 0.198 0.208 0.201 0.216 0.194 0.185 0.192 0.229 0.193 0.244 0.225 0.226 0.250 0.277 0.281 0.315 0.353 0.379 0.392 0.432 0.480 0.515 0.594 0.642
0.040 0.055 0.108 0.131 0.165 0.162 0.184 0.222 0.249 0.255 0.288 0.312 0.325 0.330 0.345 0.334 0.353 0.361 0.372 0.397 0.378 0.363 0.384 0.408 0.401 0.382 0.398 0.347 0.384 0.351 0.346 0.343 0.334 0.335 0.308 0.315 0.281 0.295 0.280 0.273 0.264 0.225 0.256 0.254 0.202 0.208 0.192 0.215 0.225 0.192 0.199 0.203 0.181 0.209 0.212 0.204 0.199 0.192 0.214 0.210 0.216 0.250 0.277 0.302 0.327 0.342 0.395 0.387 0.445 0.486 0.542 0.613 0.666 0.695
0.035 0.033 0.060 0.086 0.147 0.170 0.189 0.191 0.212 0.211 0.234 0.262 0.275 0.282 0.289 0.302 0.338 0.347 0.309 0.327 0.335 0.356 0.359 0.333 0.326 0.316 0.301 0.327 0.322 0.297 0.295 0.303 0.304 0.283 0.263 0.269 0.269 0.258 0.231 0.247 0.204 0.189 0.212 0.222 0.216 0.174 0.166 0.186 0.186 0.187 0.196 0.159 0.159 0.165 0.177 0.198 0.180 0.197 0.227 0.227 0.241 0.289 0.302 0.305 0.338 0.373 0.429 0.451 0.467 0.515 0.593 0.655 0.730 0.804
0.011 0.010 0.071 0.062 0.108 0.124 0.133 0.151 0.165 0.182 0.192 0.207 0.247 0.269 0.244 0.269 0.293 0.294 0.273 0.277 0.298 0.297 0.283 0.296 0.287 0.295 0.299 0.270 0.250 0.275 0.259 0.223 0.226 0.243 0.201 0.232 0.190 0.215 0.200 0.194 0.174 0.178 0.159 0.177 0.173 0.136 0.174 0.165 0.165 0.154 0.173 0.147 0.158 0.196 0.165 0.170 0.209 0.222 0.202 0.255 0.268 0.262 0.301 0.311 0.343 0.408 0.422 0.472 0.534 0.601 0.666 0.685 0.790 0.862
-0.002 -0.006 0.021 0.087 0.093 0.097 0.138 0.161 0.153 0.173 0.199 0.187 0.224 0.209 0.209 0.244 0.253 0.235 0.238 0.222 0.216 0.242 0.215 0.223 0.224 0.244 0.219 0.206 0.216 0.198 0.223 0.169 0.186 0.176 0.151 0.157 0.159 0.142 0.175 0.129 0.129 0.141 0.151 0.114 0.136 0.147 0.122 0.113 0.144 0.141 0.152 0.151 0.156 0.159 0.167 0.175 0.203 0.233 0.248 0.241 0.259 0.275 0.328 0.334 0.369 0.407 0.490 0.521 0.565 0.610 0.721 0.770 0.826 0.908
-0.002 -0.009 0.042 0.059 0.042 0.063 0.078 0.120 0.128 0.137 0.143 0.175 0.144 0.169 0.193 0.167 0.171 0.195 0.173 0.214 0.215 0.197 0.194 0.179 0.196 0.161 0.179 0.167 0.182 0.159 0.148 0.155 0.147 0.117 0.110 0.100 0.097 0.101 0.086 0.097 0.106 0.094 0.103 0.108 0.080 0.116 0.089 0.127 0.108 0.131 0.136 0.114 0.120 0.156 0.167 0.193 0.219 0.228 0.214 0.239 0.292 0.319 0.326 0.389 0.404 0.447 0.490 0.563 0.620 0.702 0.743 0.801 0.886 1.008
-0.046 -0.035 0.007 0.013 0.018 0.078 0.047 0.078 0.107 0.112 0.096 0.124 0.121 0.133 0.148 0.151 0.153 0.135 0.150 0.129 0.133 0.128 0.141 0.134 0.125 0.125 0.111 0.108 0.087 0.109 0.079 0.081 0.086 0.107 0.096 0.054 0.091 0.047 0.054 0.055 0.045 0.062 0.074 0.085 0.063 0.054 0.067 0.105 0.068 0.114 0.091 0.102 0.157 0.128 0.166 0.190 0.182 0.212 0.222 0.276 0.282 0.343 0.348 0.378 0.413 0.495 0.513 0.568 0.642 0.718 0.790 0.889 0.992 1.047
-0.038 -0.020 0.007 -0.019 0.035 0.029 0.051 0.054 0.038 0.072 0.079 0.068 0.109 0.088 0.094 0.080 0.111 0.080 0.077 0.097 0.090 0.073 0.085 0.062 0.088 0.078 0.074 0.052 0.056 0.044 0.030 0.054 0.061 0.018 0.056 0.029 0.048 0.032 0.033 0.006 0.022 0.030 0.024 0.057 0.049 0.063 0.043 0.077 0.064 0.104 0.107 0.087 0.113 0.149 0.139 0.184 0.178 0.208 0.237 0.262 0.282 0.329 0.384 0.397 0.462 0.508 0.544 0.638 0.698 0.782 0.844 0.933 1.029 1.120
-0.075 -0.048 -0.031 -0.023 -0.014 0.023 0.022 0.010 0.048 0.021 0.053 0.067 0.041 0.028 0.050 0.067 0.058 0.030 0.035 0.054 0.049 0.032 0.052 0.035 0.019 0.003 0.025 0.007 0.011 -0.025 0.012 -0.010 -0.001 0.001 -0.039 -0.014 -0.041 -0.021 -0.002 -0.039 -0.020 -0.005 0.007 0.010 0.017 0.011 0.009 0.015 0.051 0.087 0.095 0.107 0.092 0.117 0.154 0.150 0.195 0.202 0.260 0.255 0.312 0.363 0.364 0.410 0.454 0.517 0.565 0.665 0.714 0.798 0.901 0.983 1.073 1.164
-0.099 -0.056 -0.074 -0.038 -0.035 -0.026 -0.038 0.006 -0.004 -0.008 0.006 0.007 0.018 -0.007 0.025 0.026 0.012 0.003 0.005 -0.030 -0.024 -0.031 0.002 -0.003 -0.021 -0.043 -0.045 -0.055 -0.047 -0.049 -0.072 -0.036 -0.053 -0.064 -0.081 -0.046 -0.086 -0.055 -0.070 -0.056 -0.031 -0.039 -0.028 -0.049 0.002 -0.025 -0.013 0.015 0.046 0.027 0.076 0.096 0.122 0.141 0.146 0.159 0.167 0.208 0.255 0.271 0.291 0.354 0.413 0.426 0.472 0.558 0.627 0.688 0.771 0.822 0.942 1.018 1.149 1.262
-0.108 -0.102 -0.089 -0.063 -0.044 -0.048 -0.037 -0.028 -0.037 -0.036 -0.039 -0.040 -0.048 -0.061 -0.052 -0.057 -0.067 -0.064 -0.066 -0.040 -0.043 -0.065 -0.068 -0.055 -0.077 -0.111 -0.114 -0.079 -0.096 -0.106 -0.104 -0.111 -0.125 -0.097 -0.134 -0.090 -0.098 -0.122 -0.118 -0.117 -0.104 -0.093 -0.050 -0.040 -0.042 -0.012 -0.001 0.016 0.006 0.030 0.054 0.081 0.110 0.096 0.126 0.137 0.180 0.216 0.246 0.264 0.315 0.344 0.427 0.444 0.530 0.561 0.659 0.727 0.782 0.884 0.954 1.085 1.169 1.299
-0.112 -0.097 -0.096 -0.073 -0.097 -0.072 -0.086 -0.070 -0.054 -0.087 -0.064 -0.078 -0.056 -0.086 -0.073 -0.079 -0.094 -0.111 -0.084 -0.091 -0.099 -0.130 -0.101 -0.143 -0.120 -0.150 -0.148 -0.146 -0.131 -0.149 -0.155 -0.157 -0.172 -0.177 -0.144 -0.157 -0.134 -0.124 -0.119 -0.131 -0.140 -0.110 -0.099 -0.077 -0.084 -0.051 -0.037 -0.048 -0.033 -0.012 0.029 0.062 0.054 0.082 0.124 0.139 0.167 0.211 0.243 0.298 0.330 0.380 0.443 0.485 0.512 0.577 0.677 0.722 0.800 0.914 0.990 1.130 1.211 1.348
