data/terrain.dem
ncols 121
nrows 121
xllcorner -60
yllcorner -60
cellsize 1
NODATA_value -9999
[rows 66 to 98 of 121, columns 0 to 73 of 121]
-0.600 -0.663 -0.671 -0.708 -0.752 -0.753 -0.798 -0.803 -0.827 -0.800 -0.808 -0.823 -0.841 -0.841 -0.854 -0.866 -0.841 -0.814 -0.846 -0.805 -0.803 -0.791 -0.802 -0.780 -0.784 -0.732 -0.751 -0.736 -0.700 -0.700 -0.681 -0.667 -0.634 -0.638 -0.611 -0.595 -0.585 -0.547 -0.557 -0.527 -0.513 -0.513 -0.456 -0.471 -0.404 -0.387 -0.391 -0.359 -0.308 -0.311 -0.288 -0.233 -0.227 -0.202 -0.141 -0.103 -0.118 -0.066 -0.022 -0.026 0.036 0.061 0.073 0.082 0.120 0.146 0.144 0.178 0.220 0.241 0.258 0.260 0.259 0.278
-0.528 -0.573 -0.609 -0.648 -0.671 -0.682 -0.699 -0.703 -0.736 -0.715 -0.749 -0.722 -0.742 -0.719 -0.752 -0.746 -0.718 -0.696 -0.694 -0.694 -0.686 -0.645 -0.669 -0.646 -0.648 -0.617 -0.586 -0.560 -0.559 -0.558 -0.557 -0.534 -0.504 -0.515 -0.503 -0.470 -0.481 -0.426 -0.458 -0.431 -0.398 -0.363 -0.354 -0.352 -0.329 -0.307 -0.287 -0.275 -0.230 -0.231 -0.182 -0.165 -0.139 -0.123 -0.104 -0.039 -0.023 -0.012 0.030 0.030 0.081 0.068 0.123 0.135 0.183 0.194 0.201 0.200 0.263 0.268 0.266 0.283 0.322 0.307
-0.525 -0.553 -0.561 -0.568 -0.598 -0.625 -0.607 -0.648 -0.647 -0.641 -0.665 -0.663 -0.655 -0.622 -0.642 -0.630 -0.613 -0.587 -0.592 -0.563 -0.558 -0.538 -0.530 -0.512 -0.493 -0.502 -0.486 -0.443 -0.440 -0.449 -0.412 -0.401 -0.406 -0.408 -0.393 -0.374 -0.343 -0.359 -0.342 -0.314 -0.333 -0.313 -0.310 -0.263 -0.254 -0.260 -0.209 -0.222 -0.189 -0.148 -0.127 -0.139 -0.101 -0.081 -0.058 -0.035 0.013 0.016 0.014 0.048 0.097 0.090 0.152 0.170 0.178 0.179 0.220 0.212 0.239 0.258 0.287 0.276 0.314 0.343
-0.482 -0.491 -0.507 -0.539 -0.553 -0.560 -0.577 -0.564 -0.580 -0.574 -0.559 -0.596 -0.552 -0.555 -0.552 -0.533 -0.539 -0.487 -0.489 -0.494 -0.440 -0.454 -0.401 -0.411 -0.405 -0.396 -0.378 -0.332 -0.314 -0.351 -0.338 -0.295 -0.298 -0.307 -0.295 -0.294 -0.283 -0.252 -0.283 -0.278 -0.227 -0.257 -0.204 -0.196 -0.192 -0.168 -0.198 -0.181 -0.140 -0.128 -0.106 -0.087 -0.089 -0.067 -0.038 -0.020 -0.004 0.008 0.045 0.063 0.082 0.094 0.132 0.168 0.149 0.190 0.192 0.224 0.210 0.266 0.270 0.306 0.282 0.324
-0.461 -0.444 -0.501 -0.477 -0.507 -0.528 -0.543 -0.536 -0.523 -0.520 -0.512 -0.521 -0.511 -0.503 -0.469 -0.453 -0.404 -0.392 -0.389 -0.350 -0.355 -0.354 -0.306 -0.283 -0.252 -0.280 -0.270 -0.229 -0.221 -0.224 -0.225 -0.184 -0.175 -0.175 -0.189 -0.201 -0.185 -0.198 -0.194 -0.184 -0.170 -0.168 -0.164 -0.170 -0.151 -0.132 -0.137 -0.152 -0.127 -0.127 -0.110 -0.093 -0.052 -0.067 -0.019 -0.013 0.011 0.039 0.046 0.085 0.092 0.114 0.126 0.114 0.129 0.180 0.195 0.217 0.226 0.241 0.261 0.265 0.292 0.270
-0.407 -0.440 -0.454 -0.454 -0.470 -0.484 -0.468 -0.484 -0.475 -0.440 -0.470 -0.448 -0.402 -0.418 -0.384 -0.339 -0.322 -0.321 -0.303 -0.256 -0.238 -0.223 -0.172 -0.172 -0.169 -0.129 -0.148 -0.130 -0.110 -0.076 -0.105 -0.112 -0.075 -0.090 -0.086 -0.107 -0.089 -0.101 -0.084 -0.106 -0.097 -0.123 -0.129 -0.110 -0.112 -0.097 -0.103 -0.110 -0.092 -0.057 -0.049 -0.051 -0.031 -0.041 -0.023 -0.008 0.012 0.037 0.035 0.034 0.084 0.105 0.093 0.102 0.137 0.152 0.165 0.176 0.187 0.209 0.202 0.222 0.250 0.268
-0.405 -0.416 -0.396 -0.409 -0.426 -0.441 -0.434 -0.396 -0.426 -0.385 -0.356 -0.354 -0.344 -0.332 -0.266 -0.241 -0.214 -0.186 -0.181 -0.152 -0.091 -0.106 -0.073 -0.056 -0.004 -0.021 0.013 0.035 0.016 0.002 0.041 0.047 0.013 0.004 -0.006 -0.013 0.011 0.018 0.008 -0.028 -0.047 -0.044 -0.051 -0.043 -0.076 -0.047 -0.041 -0.050 -0.057 -0.067 -0.050 -0.039 -0.054 -0.033 0.003 0.008 0.023 0.023 0.026 0.032 0.058 0.045 0.090 0.077 0.096 0.095 0.143 0.161 0.156 0.183 0.161 0.208 0.197 0.197
-0.370 -0.367 -0.386 -0.409 -0.375 -0.357 -0.358 -0.376 -0.361 -0.344 -0.283 -0.285 -0.259 -0.186 -0.165 -0.128 -0.098 -0.072 -0.033 -0.024 0.021 0.061 0.056 0.106 0.126 0.146 0.151 0.158 0.163 0.157 0.183 0.150 0.131 0.159 0.119 0.098 0.097 0.102 0.058 0.057 0.061 0.011 0.013 -0.013 -0.003 -0.022 -0.014 -0.046 -0.021 -0.035 -0.017 -0.047 0.001 -0.037 0.001 -0.002 0.009 0.019 0.024 0.054 0.024 0.046 0.062 0.096 0.069 0.116 0.127 0.133 0.114 0.153 0.135 0.153 0.192 0.169
-0.357 -0.329 -0.333 -0.325 -0.352 -0.314 -0.291 -0.306 -0.267 -0.221 -0.233 -0.187 -0.141 -0.132 -0.069 -0.009 -0.001 0.047 0.067 0.104 0.142 0.191 0.192 0.253 0.260 0.255 0.280 0.319 0.298 0.299 0.316 0.301 0.283 0.247 0.237 0.254 0.193 0.172 0.166 0.177 0.142 0.125 0.115 0.082 0.080 0.022 0.008 0.006 0.003 -0.001 -0.001 0.018 0.002 -0.009 -0.020 0.018 0.014 0.030 -0.004 0.009 0.020 0.022 0.027 0.051 0.065 0.074 0.102 0.094 0.106 0.122 0.129 0.154 0.117 0.154
-0.324 -0.305 -0.320 -0.293 -0.269 -0.244 -0.248 -0.206 -0.184 -0.149 -0.113 -0.102 -0.033 -0.008 0.030 0.096 0.159 0.180 0.209 0.244 0.293 0.359 0.346 0.408 0.423 0.440 0.437 0.477 0.434 0.438 0.426 0.426 0.420 0.399 0.400 0.375 0.335 0.323 0.302 0.238 0.205 0.169 0.155 0.167 0.118 0.115 0.094 0.043 0.046 0.045 0.028 0.014 0.014 -0.009 0.009 -0.015 -0.000 -0.019 0.003 0.029 0.006 -0.006 0.024 0.041 0.035 0.031 0.074 0.079 0.061 0.066 0.104 0.097 0.103 0.117
-0.252 -0.244 -0.236 -0.223 -0.250 -0.212 -0.172 -0.156 -0.104 -0.080 -0.012 0.016 0.089 0.106 0.198 0.244 0.276 0.314 0.360 0.439 0.464 0.502 0.522 0.538 0.567 0.606 0.594 0.621 0.608 0.595 0.598 0.610 0.586 0.532 0.512 0.483 0.479 0.402 0.380 0.353 0.325 0.288 0.270 0.232 0.196 0.157 0.117 0.107 0.099 0.066 0.045 0.025 0.010 0.020 0.021 0.008 0.016 -0.004 -0.000 -0.020 0.004 0.022 0.016 0.019 0.007 -0.002 0.005 0.048 0.022 0.034 0.073 0.057 0.088 0.066
-0.237 -0.204 -0.186 -0.204 -0.141 -0.113 -0.111 -0.038 -0.039 0.032 0.084 0.155 0.201 0.270 0.326 0.367 0.421 0.489 0.539 0.598 0.607 0.658 0.693 0.734 0.745 0.762 0.780 0.783 0.780 0.793 0.767 0.752 0.737 0.691 0.651 0.631 0.603 0.566 0.509 0.456 0.393 0.357 0.346 0.297 0.273 0.200 0.190 0.133 0.134 0.076 0.065 0.046 0.027 0.013 -0.012 0.028 -0.029 0.015 -0.030 -0.002 -0.007 -0.033 -0.010 -0.014 0.001 -0.007 -0.018 -0.013 0.007 0.034 0.037 0.049 0.043 0.054
-0.193 -0.185 -0.151 -0.117 -0.120 -0.082 -0.039 0.007 0.082 0.114 0.163 0.251 0.292 0.359 0.450 0.496 0.559 0.622 0.676 0.731 0.811 0.831 0.895 0.915 0.926 0.958 0.975 0.947 0.990 0.948 0.914 0.936 0.868 0.834 0.798 0.738 0.717 0.663 0.606 0.578 0.521 0.441 0.436 0.386 0.327 0.291 0.225 0.203 0.183 0.138 0.091 0.064 0.045 0.059 0.027 0.005 -0.028 -0.004 -0.007 -0.029 -0.033 -0.024 -0.033 -0.059 -0.039 -0.029 -0.027 -0.023 -0.045 -0.001 -0.026 -0.020 0.023 -0.003
-0.136 -0.152 -0.116 -0.067 -0.022 0.011 0.039 0.106 0.169 0.231 0.304 0.386 0.462 0.520 0.589 0.670 0.734 0.797 0.879 0.905 0.951 1.036 1.055 1.098 1.129 1.140 1.153 1.160 1.138 1.115 1.094 1.106 1.044 0.984 0.966 0.923 0.844 0.783 0.714 0.690 0.606 0.549 0.517 0.421 0.372 0.316 0.287 0.243 0.199 0.153 0.116 0.101 0.073 0.067 0.020 0.016 -0.005 -0.004 -0.006 -0.061 -0.040 -0.068 -0.032 -0.074 -0.054 -0.051 -0.056 -0.054 -0.028 -0.057 -0.052 -0.021 -0.048 -0.037
-0.113 -0.065 -0.048 0.011 0.026 0.072 0.123 0.194 0.259 0.362 0.416 0.514 0.566 0.675 0.710 0.799 0.896 0.964 1.013 1.105 1.165 1.225 1.258 1.294 1.306 1.331 1.342 1.343 1.314 1.295 1.316 1.257 1.210 1.145 1.091 1.050 0.986 0.918 0.845 0.783 0.747 0.652 0.590 0.523 0.483 0.393 0.333 0.322 0.271 0.195 0.155 0.136 0.112 0.048 0.054 0.003 0.004 -0.043 -0.033 -0.039 -0.063 -0.081 -0.097 -0.077 -0.081 -0.086 -0.060 -0.091 -0.094 -0.065 -0.073 -0.051 -0.067 -0.040
-0.034 -0.046 -0.001 0.051 0.126 0.174 0.220 0.288 0.394 0.430 0.528 0.592 0.718 0.773 0.874 0.981 1.045 1.133 1.203 1.291 1.348 1.412 1.439 1.485 1.519 1.528 1.545 1.518 1.503 1.516 1.478 1.447 1.383 1.317 1.256 1.227 1.128 1.069 0.997 0.917 0.837 0.771 0.682 0.613 0.534 0.485 0.415 0.359 0.272 0.232 0.211 0.141 0.108 0.083 0.050 -0.001 -0.003 -0.043 -0.055 -0.054 -0.081 -0.071 -0.072 -0.112 -0.118 -0.122 -0.101 -0.108 -0.102 -0.116 -0.111 -0.104 -0.095 -0.080
-0.027 0.048 0.049 0.119 0.172 0.225 0.293 0.413 0.491 0.566 0.629 0.745 0.817 0.943 1.055 1.114 1.199 1.325 1.389 1.481 1.537 1.605 1.621 1.699 1.713 1.721 1.719 1.713 1.743 1.712 1.661 1.626 1.571 1.477 1.435 1.363 1.269 1.175 1.112 1.044 0.916 0.855 0.785 0.686 0.636 0.553 0.484 0.408 0.343 0.254 0.219 0.152 0.141 0.107 0.078 0.016 -0.025 -0.012 -0.046 -0.053 -0.071 -0.091 -0.115 -0.134 -0.135 -0.155 -0.119 -0.144 -0.156 -0.120 -0.148 -0.117 -0.112 -0.148
0.027 0.104 0.109 0.175 0.260 0.314 0.379 0.497 0.556 0.673 0.761 0.870 0.953 1.073 1.163 1.301 1.403 1.493 1.561 1.660 1.728 1.779 1.834 1.886 1.903 1.909 1.906 1.928 1.916 1.865 1.861 1.784 1.706 1.668 1.587 1.528 1.437 1.317 1.260 1.137 1.055 0.954 0.856 0.757 0.698 0.619 0.519 0.458 0.365 0.330 0.267 0.219 0.125 0.124 0.048 0.050 0.016 -0.031 -0.068 -0.062 -0.105 -0.107 -0.129 -0.149 -0.164 -0.152 -0.173 -0.163 -0.147 -0.160 -0.167 -0.154 -0.171 -0.164
0.086 0.147 0.211 0.243 0.335 0.414 0.471 0.586 0.674 0.780 0.889 0.995 1.125 1.237 1.335 1.463 1.556 1.639 1.732 1.831 1.883 1.961 2.030 2.085 2.122 2.131 2.122 2.136 2.118 2.085 2.031 1.956 1.891 1.843 1.741 1.638 1.566 1.458 1.372 1.250 1.149 1.062 0.940 0.848 0.759 0.681 0.576 0.508 0.409 0.359 0.268 0.247 0.163 0.094 0.063 0.010 0.010 -0.016 -0.082 -0.088 -0.093 -0.140 -0.145 -0.150 -0.171 -0.208 -0.177 -0.221 -0.206 -0.183 -0.196 -0.193 -0.215 -0.175
0.143 0.167 0.264 0.310 0.403 0.480 0.574 0.675 0.805 0.885 1.026 1.124 1.252 1.344 1.482 1.588 1.711 1.814 1.929 1.990 2.078 2.167 2.197 2.263 2.311 2.291 2.325 2.295 2.274 2.264 2.194 2.150 2.082 1.981 1.871 1.799 1.716 1.582 1.459 1.377 1.234 1.152 1.052 0.935 0.815 0.705 0.625 0.538 0.453 0.399 0.333 0.254 0.180 0.130 0.069 0.052 -0.028 -0.065 -0.100 -0.097 -0.131 -0.168 -0.145 -0.164 -0.184 -0.187 -0.243 -0.246 -0.227 -0.210 -0.255 -0.232 -0.228 -0.238
0.175 0.260 0.324 0.370 0.466 0.562 0.663 0.784 0.895 0.999 1.132 1.226 1.382 1.497 1.644 1.724 1.864 1.959 2.064 2.194 2.236 2.307 2.389 2.438 2.453 2.495 2.477 2.465 2.445 2.409 2.367 2.282 2.235 2.138 2.023 1.928 1.847 1.702 1.573 1.460 1.371 1.230 1.137 1.023 0.887 0.801 0.708 0.601 0.485 0.416 0.342 0.288 0.211 0.128 0.094 0.054 -0.035 -0.049 -0.098 -0.113 -0.138 -0.192 -0.166 -0.192 -0.245 -0.248 -0.234 -0.240 -0.271 -0.262 -0.274 -0.253 -0.254 -0.251
0.242 0.314 0.379 0.438 0.527 0.651 0.742 0.871 0.961 1.129 1.217 1.354 1.489 1.619 1.772 1.895 2.039 2.139 2.260 2.336 2.403 2.491 2.577 2.609 2.627 2.659 2.659 2.648 2.626 2.581 2.505 2.447 2.382 2.295 2.198 2.086 1.934 1.814 1.696 1.594 1.430 1.306 1.217 1.080 0.950 0.844 0.727 0.654 0.559 0.423 0.358 0.267 0.208 0.163 0.080 0.015 -0.007 -0.074 -0.071 -0.142 -0.150 -0.168 -0.198 -0.224 -0.248 -0.275 -0.257 -0.302 -0.309 -0.298 -0.296 -0.304 -0.308 -0.307
0.270 0.343 0.410 0.497 0.604 0.695 0.812 0.940 1.098 1.227 1.323 1.480 1.609 1.779 1.913 2.026 2.177 2.294 2.397 2.490 2.585 2.674 2.708 2.787 2.812 2.823 2.834 2.807 2.798 2.725 2.699 2.626 2.522 2.436 2.284 2.171 2.093 1.921 1.819 1.692 1.540 1.404 1.293 1.121 1.017 0.891 0.801 0.668 0.558 0.482 0.398 0.286 0.230 0.138 0.087 0.022 -0.026 -0.068 -0.101 -0.138 -0.196 -0.204 -0.208 -0.228 -0.266 -0.284 -0.304 -0.308 -0.334 -0.303 -0.313 -0.336 -0.335 -0.315
0.310 0.383 0.461 0.580 0.693 0.784 0.926 1.015 1.166 1.301 1.435 1.604 1.720 1.869 2.015 2.166 2.280 2.427 2.528 2.638 2.746 2.811 2.897 2.937 2.984 2.959 3.007 2.992 2.951 2.884 2.836 2.737 2.654 2.527 2.418 2.309 2.195 2.046 1.890 1.756 1.644 1.459 1.341 1.214 1.051 0.924 0.807 0.730 0.618 0.524 0.415 0.301 0.218 0.160 0.109 0.060 -0.026 -0.052 -0.088 -0.162 -0.184 -0.218 -0.240 -0.284 -0.313 -0.305 -0.323 -0.324 -0.339 -0.364 -0.334 -0.382 -0.384 -0.381
0.369 0.446 0.547 0.617 0.716 0.841 0.981 1.133 1.256 1.394 1.542 1.687 1.833 1.983 2.121 2.294 2.404 2.540 2.660 2.763 2.868 2.955 3.005 3.055 3.126 3.147 3.141 3.108 3.069 3.011 2.930 2.862 2.785 2.665 2.517 2.407 2.299 2.112 1.989 1.844 1.699 1.532 1.403 1.283 1.133 1.006 0.877 0.752 0.649 0.498 0.443 0.311 0.255 0.152 0.096 0.042 -0.029 -0.093 -0.100 -0.171 -0.219 -0.232 -0.244 -0.294 -0.307 -0.344 -0.329 -0.356 -0.393 -0.392 -0.388 -0.392 -0.378 -0.407
0.415 0.473 0.605 0.702 0.794 0.910 1.050 1.204 1.326 1.489 1.613 1.753 1.954 2.088 2.233 2.385 2.507 2.646 2.761 2.914 3.002 3.083 3.154 3.197 3.208 3.269 3.231 3.217 3.202 3.142 3.072 2.993 2.854 2.746 2.626 2.487 2.353 2.230 2.085 1.917 1.754 1.587 1.472 1.320 1.180 1.031 0.882 0.762 0.647 0.561 0.417 0.341 0.252 0.193 0.095 0.014 -0.023 -0.095 -0.115 -0.157 -0.239 -0.235 -0.291 -0.286 -0.331 -0.355 -0.347 -0.399 -0.391 -0.405 -0.394 -0.427 -0.407 -0.394
0.449 0.556 0.605 0.728 0.854 0.969 1.100 1.252 1.384 1.532 1.702 1.835 2.002 2.152 2.308 2.499 2.628 2.768 2.899 2.984 3.118 3.178 3.273 3.307 3.336 3.345 3.372 3.319 3.286 3.257 3.147 3.064 2.988 2.830 2.701 2.599 2.416 2.302 2.113 1.987 1.820 1.668 1.491 1.330 1.210 1.051 0.924 0.813 0.651 0.561 0.434 0.340 0.256 0.159 0.076 0.006 -0.016 -0.112 -0.149 -0.200 -0.218 -0.276 -0.309 -0.310 -0.373 -0.355 -0.373 -0.396 -0.409 -0.448 -0.457 -0.428 -0.457 -0.429
0.458 0.570 0.667 0.777 0.905 1.030 1.173 1.290 1.444 1.590 1.787 1.925 2.106 2.262 2.427 2.577 2.730 2.825 2.980 3.085 3.187 3.254 3.362 3.393 3.452 3.445 3.443 3.409 3.367 3.298 3.225 3.163 3.036 2.944 2.776 2.659 2.493 2.350 2.177 2.000 1.842 1.688 1.520 1.387 1.212 1.103 0.920 0.797 0.701 0.562 0.466 0.368 0.253 0.163 0.088 0.006 -0.030 -0.085 -0.147 -0.185 -0.239 -0.295 -0.332 -0.323 -0.384 -0.375 -0.434 -0.422 -0.452 -0.471 -0.481 -0.490 -0.490 -0.469
0.521 0.621 0.711 0.827 0.932 1.074 1.236 1.356 1.486 1.661 1.814 2.010 2.135 2.295 2.479 2.607 2.756 2.918 3.032 3.137 3.266 3.360 3.408 3.475 3.485 3.524 3.506 3.485 3.425 3.374 3.308 3.221 3.078 2.984 2.821 2.683 2.549 2.367 2.218 2.051 1.886 1.705 1.548 1.400 1.262 1.119 0.956 0.825 0.701 0.571 0.478 0.347 0.239 0.178 0.108 0.019 -0.043 -0.136 -0.167 -0.242 -0.255 -0.320 -0.332 -0.352 -0.382 -0.419 -0.417 -0.438 -0.462 -0.478 -0.479 -0.476 -0.479 -0.514
0.516 0.623 0.736 0.848 1.005 1.091 1.231 1.381 1.540 1.716 1.896 2.023 2.218 2.392 2.551 2.676 2.833 2.965 3.108 3.240 3.300 3.391 3.453 3.530 3.531 3.547 3.558 3.557 3.514 3.428 3.363 3.234 3.156 3.023 2.901 2.735 2.578 2.399 2.264 2.069 1.894 1.762 1.565 1.413 1.277 1.119 0.981 0.837 0.684 0.602 0.449 0.374 0.237 0.185 0.089 0.014 -0.074 -0.141 -0.181 -0.216 -0.267 -0.307 -0.358 -0.389 -0.408 -0.450 -0.469 -0.453 -0.474 -0.486 -0.529 -0.521 -0.531 -0.528
0.568 0.671 0.787 0.905 1.005 1.133 1.287 1.421 1.595 1.737 1.937 2.077 2.262 2.407 2.593 2.712 2.884 3.033 3.134 3.240 3.342 3.429 3.530 3.563 3.589 3.589 3.574 3.561 3.499 3.466 3.386 3.269 3.190 3.029 2.893 2.759 2.586 2.421 2.293 2.117 1.930 1.760 1.596 1.444 1.272 1.137 0.963 0.820 0.713 0.580 0.450 0.379 0.267 0.186 0.066 -0.016 -0.074 -0.130 -0.189 -0.269 -0.287 -0.355 -0.392 -0.415 -0.443 -0.443 -0.473 -0.489 -0.514 -0.514 -0.544 -0.518 -0.552 -0.533
0.571 0.685 0.784 0.904 1.036 1.176 1.308 1.470 1.607 1.770 1.932 2.091 2.262 2.424 2.579 2.724 2.905 3.029 3.148 3.257 3.399 3.447 3.533 3.577 3.625 3.620 3.606 3.568 3.543 3.463 3.405 3.287 3.164 3.026 2.923 2.742 2.600 2.458 2.263 2.121 1.946 1.781 1.617 1.428 1.259 1.131 0.949 0.856 0.694 0.576 0.452 0.358 0.271 0.175 0.063 0.002 -0.085 -0.163 -0.186 -0.272 -0.316 -0.340 -0.411 -0.422 -0.473 -0.484 -0.518 -0.530 -0.515 -0.565 -0.577 -0.570 -0.590 -0.584
0.637 0.696 0.822 0.955 1.055 1.216 1.346 1.477 1.643 1.812 1.981 2.114 2.297 2.441 2.604 2.753 2.915 3.058 3.167 3.282 3.370 3.453 3.519 3.580 3.597 3.601 3.599 3.598 3.517 3.471 3.402 3.289 3.180 3.034 2.920 2.741 2.590 2.407 2.257 2.092 1.945 1.737 1.587 1.407 1.283 1.099 0.951 0.837 0.691 0.579 0.466 0.313 0.246 0.160 0.051 -0.040 -0.105 -0.185 -0.223 -0.294 -0.323 -0.366 -0.395 -0.434 -0.470 -0.517 -0.522 -0.541 -0.550 -0.543 -0.588 -0.586 -0.594 -0.584
