data/terrain.dem
ncols 121
nrows 121
xllcorner -60
yllcorner -60
cellsize 1
NODATA_value -9999
[rows 33 to 65 of 121, columns 0 to 73 of 121]
-0.142 -0.111 -0.137 -0.106 -0.119 -0.095 -0.119 -0.111 -0.115 -0.131 -0.122 -0.102 -0.123 -0.127 -0.125 -0.119 -0.127 -0.165 -0.129 -0.177 -0.142 -0.152 -0.157 -0.195 -0.195 -0.175 -0.215 -0.188 -0.203 -0.191 -0.210 -0.194 -0.209 -0.189 -0.213 -0.202 -0.190 -0.209 -0.170 -0.167 -0.140 -0.123 -0.121 -0.113 -0.101 -0.065 -0.085 -0.068 -0.053 0.001 0.031 0.063 0.086 0.086 0.103 0.137 0.163 0.209 0.267 0.270 0.345 0.364 0.431 0.510 0.538 0.621 0.698 0.768 0.820 0.946 1.037 1.147 1.264 1.350
-0.153 -0.165 -0.150 -0.123 -0.114 -0.123 -0.141 -0.151 -0.145 -0.151 -0.128 -0.134 -0.180 -0.192 -0.158 -0.181 -0.173 -0.192 -0.184 -0.203 -0.229 -0.199 -0.213 -0.244 -0.243 -0.240 -0.261 -0.255 -0.278 -0.256 -0.235 -0.280 -0.265 -0.274 -0.244 -0.261 -0.250 -0.232 -0.221 -0.223 -0.178 -0.178 -0.169 -0.159 -0.152 -0.126 -0.080 -0.069 -0.051 -0.000 0.009 0.020 0.035 0.083 0.122 0.145 0.172 0.215 0.236 0.300 0.357 0.406 0.427 0.495 0.578 0.611 0.708 0.758 0.874 0.937 1.036 1.187 1.273 1.405
-0.165 -0.157 -0.183 -0.170 -0.149 -0.181 -0.168 -0.172 -0.181 -0.188 -0.179 -0.220 -0.196 -0.219 -0.213 -0.207 -0.223 -0.259 -0.277 -0.280 -0.258 -0.278 -0.284 -0.295 -0.292 -0.312 -0.288 -0.304 -0.325 -0.305 -0.304 -0.291 -0.308 -0.320 -0.309 -0.307 -0.256 -0.258 -0.252 -0.223 -0.207 -0.211 -0.184 -0.190 -0.179 -0.144 -0.135 -0.094 -0.086 -0.058 0.006 0.028 0.027 0.065 0.110 0.139 0.176 0.237 0.259 0.291 0.328 0.416 0.442 0.513 0.580 0.651 0.713 0.794 0.878 0.954 1.081 1.162 1.288 1.416
-0.163 -0.158 -0.183 -0.200 -0.172 -0.183 -0.181 -0.213 -0.192 -0.246 -0.211 -0.244 -0.251 -0.272 -0.248 -0.282 -0.279 -0.317 -0.295 -0.287 -0.303 -0.334 -0.320 -0.334 -0.356 -0.361 -0.359 -0.339 -0.374 -0.377 -0.368 -0.369 -0.335 -0.322 -0.329 -0.341 -0.313 -0.300 -0.281 -0.276 -0.266 -0.228 -0.237 -0.210 -0.191 -0.167 -0.160 -0.113 -0.094 -0.055 -0.022 0.026 0.028 0.089 0.120 0.143 0.170 0.239 0.254 0.312 0.336 0.382 0.476 0.528 0.555 0.667 0.731 0.795 0.904 0.998 1.064 1.219 1.315 1.437
-0.213 -0.225 -0.194 -0.216 -0.199 -0.212 -0.250 -0.248 -0.275 -0.280 -0.272 -0.280 -0.297 -0.283 -0.331 -0.342 -0.323 -0.323 -0.361 -0.336 -0.378 -0.382 -0.391 -0.388 -0.411 -0.408 -0.413 -0.406 -0.393 -0.392 -0.401 -0.406 -0.415 -0.380 -0.361 -0.345 -0.339 -0.354 -0.337 -0.321 -0.277 -0.269 -0.242 -0.215 -0.213 -0.207 -0.167 -0.154 -0.120 -0.075 -0.022 -0.008 0.012 0.048 0.086 0.137 0.191 0.241 0.273 0.292 0.363 0.415 0.443 -0.587 -0.527 -0.459 -0.381 -0.308 -0.239 -0.117 -0.029 0.092 0.191 0.310
-0.221 -0.242 -0.232 -0.257 -0.237 -0.235 -0.266 -0.253 -0.265 -0.278 -0.317 -0.303 -0.355 -0.368 -0.347 -0.371 -0.354 -0.372 -0.412 -0.400 -0.422 -0.406 -0.439 -0.425 -0.431 -0.425 -0.448 -0.435 -0.461 -0.437 -0.451 -0.460 -0.453 -0.449 -0.399 -0.419 -0.399 -0.394 -0.360 -0.344 -0.310 -0.298 -0.260 -0.272 -0.210 -0.204 -0.187 -0.157 -0.120 -0.107 -0.027 -0.027 0.022 0.063 0.072 0.136 0.173 0.202 0.281 0.304 0.365 0.403 -0.661 -1.978 -1.937 -1.835 -1.765 -1.670 -1.603 -1.518 -1.415 -1.281 -1.196 -1.076
-0.235 -0.253 -0.275 -0.256 -0.260 -0.302 -0.288 -0.289 -0.337 -0.341 -0.357 -0.362 -0.385 -0.396 -0.416 -0.436 -0.404 -0.444 -0.427 -0.452 -0.467 -0.497 -0.501 -0.494 -0.485 -0.506 -0.488 -0.513 -0.512 -0.515 -0.494 -0.468 -0.495 -0.482 -0.434 -0.431 -0.410 -0.417 -0.381 -0.367 -0.357 -0.344 -0.312 -0.271 -0.277 -0.250 -0.221 -0.151 -0.142 -0.094 -0.051 -0.046 -0.009 0.062 0.086 0.112 0.153 0.211 0.251 0.317 0.376 0.413 0.459 -0.563 -0.541 -0.450 -0.398 -0.273 -0.203 -0.135 -0.016 0.066 0.203 0.341
-0.258 -0.245 -0.267 -0.283 -0.306 -0.332 -0.342 -0.354 -0.346 -0.373 -0.363 -0.391 -0.412 -0.442 -0.463 -0.452 -0.468 -0.495 -0.469 -0.500 -0.522 -0.522 -0.515 -0.527 -0.537 -0.526 -0.567 -0.539 -0.528 -0.529 -0.518 -0.510 -0.512 -0.488 -0.472 -0.483 -0.447 -0.431 -0.443 -0.416 -0.403 -0.381 -0.333 -0.322 -0.272 -0.261 -0.201 -0.190 -0.128 -0.089 -0.079 -0.036 -0.017 0.048 0.094 0.106 0.161 0.219 0.235 0.281 0.336 0.405 0.480 0.504 0.604 0.639 0.713 0.790 0.916 0.986 1.086 1.209 1.315 1.420
-0.265 -0.288 -0.320 -0.335 -0.342 -0.334 -0.364 -0.398 -0.382 -0.385 -0.409 -0.433 -0.457 -0.466 -0.471 -0.506 -0.516 -0.503 -0.522 -0.559 -0.578 -0.581 -0.564 -0.567 -0.578 -0.582 -0.569 -0.584 -0.601 -0.572 -0.565 -0.552 -0.568 -0.564 -0.536 -0.507 -0.502 -0.481 -0.449 -0.448 -0.433 -0.362 -1.474 -1.440 -1.420 -1.390 -1.345 -1.328 -1.282 -1.213 -1.204 -1.136 -1.110 -1.068 -1.054 -0.978 -0.954 -0.901 0.267 0.326 0.341 0.384 0.451 0.527 0.589 0.652 0.725 0.783 0.887 0.967 1.085 1.180 1.305 1.414
-0.291 -0.303 -0.343 -0.335 -0.354 -0.378 -0.405 -0.430 -0.402 -0.424 -0.456 -0.462 -0.515 -0.536 -0.536 -0.564 -0.535 -0.554 -0.584 -0.603 -0.583 -0.587 -0.618 -0.645 -0.643 -0.629 -0.621 -0.618 -0.649 -0.599 -0.631 -0.614 -0.588 -0.596 -0.563 -0.565 -0.548 -0.497 -0.504 -0.454 -0.412 -1.543 -2.892 -2.871 -2.833 -2.767 -2.731 -2.705 -2.656 -2.615 -2.602 -2.539 -2.493 -2.454 -2.448 -2.390 -2.358 -2.317 -0.853 0.310 0.365 0.430 0.447 0.517 0.572 0.633 0.730 0.821 0.869 0.970 1.034 1.144 1.268 1.343
-0.310 -0.338 -0.328 -0.342 -0.392 -0.388 -0.431 -0.441 -0.483 -0.496 -0.496 -0.523 -0.537 -0.548 -0.554 -0.567 -0.622 -0.630 -0.620 -0.618 -0.653 -0.647 -0.654 -0.657 -0.687 -0.673 -0.663 -0.675 -0.686 -0.652 -0.668 -0.635 -0.632 -0.609 -0.598 -0.563 -0.577 -0.524 -0.499 -0.487 -0.444 -0.414 -1.521 -1.481 -1.429 -1.436 -1.363 -1.351 -1.277 -1.263 -1.200 -1.172 -1.159 -1.101 -1.051 -1.024 -0.965 -0.889 0.263 0.287 0.341 0.386 0.454 0.510 0.581 0.623 0.711 0.785 0.887 0.936 1.038 1.134 1.225 1.335
-0.326 -0.348 -0.367 -0.364 -0.408 -0.406 -0.438 -0.481 -0.468 -0.501 -0.538 -0.548 -0.555 -0.583 -0.612 -0.613 -0.628 -0.652 -0.677 -0.676 -0.699 -0.703 -0.708 -0.713 -0.731 -0.699 -0.723 -0.728 -0.704 -0.711 -0.676 -0.663 -0.653 -0.646 -0.647 -0.597 -0.577 -0.569 -0.525 -0.530 -0.478 -0.458 -0.440 -0.370 -0.364 -0.311 -0.291 -0.252 -0.200 -0.157 -0.143 -0.054 -0.012 0.014 0.054 0.112 0.172 0.177 0.232 0.287 0.368 0.389 0.455 0.529 0.570 0.656 0.723 0.777 0.828 0.952 1.029 1.102 1.212 1.287
-0.351 -0.349 -0.408 -0.383 -0.453 -0.454 -0.469 -0.516 -0.530 -0.530 -0.569 -0.569 -0.598 -0.608 -0.662 -0.666 -0.652 -0.713 -0.698 -0.717 -0.704 -0.754 -0.741 -0.736 -0.730 -0.728 -0.759 -0.736 -0.716 -0.707 -0.704 -0.690 -0.715 -0.669 -0.670 -0.652 -0.593 -0.575 -0.560 -0.536 -0.495 -0.492 -0.465 -0.420 -0.363 -0.353 -0.277 -0.241 -0.212 -0.156 -0.120 -0.094 -0.055 -0.016 0.056 0.115 0.155 0.168 0.242 0.309 0.340 0.388 0.462 0.501 0.568 0.610 0.690 0.762 0.840 0.916 0.984 1.093 1.144 1.280
-0.344 -0.372 -0.412 -0.443 -0.442 -0.473 -0.485 -0.520 -0.565 -0.555 -0.576 -0.631 -0.637 -0.670 -0.661 -0.688 -0.736 -0.734 -0.757 -0.730 -0.750 -0.776 -0.756 -0.797 -0.796 -0.796 -0.771 -0.761 -0.745 -0.785 -0.737 -0.759 -0.727 -0.694 -0.674 -0.664 -0.660 -0.604 -0.594 -0.562 -0.541 -0.482 -0.462 -0.402 -0.389 -0.339 -0.286 -0.258 -0.229 -0.189 -0.156 -0.090 -0.032 -0.004 0.070 0.083 0.139 0.207 0.245 0.277 0.345 0.385 0.436 0.477 0.577 0.593 0.676 0.736 0.791 0.883 0.963 1.037 1.114 1.211
-0.355 -0.379 -0.430 -0.474 -0.481 -0.518 -0.537 -0.549 -0.605 -0.628 -0.627 -0.646 -0.671 -0.676 -0.725 -0.708 -0.732 -0.739 -0.780 -0.788 -0.777 -0.813 -0.791 -0.823 -0.830 -0.812 -0.822 -0.829 -0.802 -0.786 -0.755 -0.776 -0.768 -0.754 -0.727 -0.708 -0.638 -0.644 -0.628 -0.565 -0.543 -0.520 -0.463 -0.433 -0.394 -0.374 -0.337 -0.292 -0.230 -0.181 -0.160 -0.076 -0.062 0.004 0.045 0.107 0.134 0.185 0.217 0.260 0.334 0.366 0.451 0.493 0.556 0.606 0.648 0.749 0.808 0.858 0.946 0.995 1.095 1.175
-0.383 -0.442 -0.459 -0.487 -0.490 -0.511 -0.554 -0.565 -0.595 -0.631 -0.679 -0.705 -0.701 -0.744 -0.757 -0.774 -0.784 -0.811 -0.804 -0.842 -0.839 -0.821 -0.839 -0.861 -0.854 -0.865 -0.843 -0.845 -0.848 -0.810 -0.815 -0.812 -0.752 -0.756 -0.708 -0.712 -0.660 -0.648 -0.644 -0.582 -0.575 -0.545 -0.471 -0.461 -0.404 -0.384 -0.327 -0.300 -0.239 -0.218 -0.135 -0.100 -0.065 -0.027 0.026 0.096 0.135 0.175 0.221 0.250 0.323 0.350 0.412 0.480 0.527 0.581 0.643 0.723 0.772 0.831 0.921 0.991 1.051 1.148
-0.414 -0.424 -0.485 -0.495 -0.510 -0.547 -0.570 -0.635 -0.631 -0.679 -0.682 -0.734 -0.739 -0.775 -0.782 -0.795 -0.832 -0.846 -0.851 -0.872 -0.836 -0.875 -0.870 -0.896 -0.873 -0.890 -0.868 -0.861 -0.861 -0.845 -0.826 -0.838 -0.794 -0.788 -0.741 -0.752 -0.722 -0.667 -0.655 -0.589 -0.554 -0.556 -0.502 -0.440 -0.421 -0.399 -0.344 -0.295 -0.243 -0.226 -0.176 -0.111 -0.066 -0.045 0.013 0.077 0.146 0.177 0.205 0.290 0.310 0.379 0.422 0.476 0.504 0.590 0.640 0.700 0.747 0.833 0.895 0.962 0.986 1.083
-0.403 -0.459 -0.472 -0.506 -0.523 -0.567 -0.621 -0.627 -0.653 -0.714 -0.729 -0.744 -0.751 -0.795 -0.798 -0.833 -0.817 -0.873 -0.850 -0.872 -0.872 -0.917 -0.920 -0.914 -0.925 -0.921 -0.885 -0.878 -0.902 -0.885 -0.868 -0.849 -0.792 -0.812 -0.760 -0.733 -0.734 -0.688 -0.668 -0.600 -0.571 -0.577 -0.530 -0.484 -0.444 -0.371 -0.351 -0.319 -0.243 -0.222 -0.178 -0.126 -0.056 -0.042 0.002 0.079 0.118 0.156 0.218 0.236 0.326 0.380 0.424 0.451 0.522 0.579 0.587 0.654 0.733 0.769 0.865 0.893 0.985 1.019
-0.450 -0.456 -0.508 -0.523 -0.557 -0.630 -0.644 -0.672 -0.717 -0.724 -0.772 -0.752 -0.790 -0.830 -0.852 -0.835 -0.883 -0.901 -0.891 -0.897 -0.911 -0.916 -0.915 -0.918 -0.907 -0.915 -0.912 -0.924 -0.926 -0.885 -0.859 -0.865 -0.827 -0.825 -0.783 -0.743 -0.757 -0.715 -0.663 -0.629 -0.621 -0.582 -0.510 -0.487 -0.465 -0.407 -0.383 -0.295 -0.296 -0.226 -0.178 -0.136 -0.074 -0.018 0.024 0.048 0.091 0.162 0.214 0.243 0.298 0.352 0.372 0.432 0.492 0.535 0.574 0.649 0.679 0.735 0.787 0.868 0.942 0.961
-0.454 -0.507 -0.554 -0.599 -0.616 -0.618 -0.656 -0.710 -0.751 -0.778 -0.793 -0.818 -0.815 -0.840 -0.885 -0.910 -0.889 -0.935 -0.941 -0.944 -0.946 -0.957 -0.979 -0.974 -0.986 -0.974 -0.951 -0.942 -0.956 -0.908 -0.885 -0.899 -0.882 -0.832 -0.820 -0.789 -0.785 -0.730 -0.681 -0.675 -0.652 -0.610 -0.577 -0.514 -0.454 -0.410 -0.360 -0.353 -0.311 -0.260 -0.215 -0.153 -0.113 -0.054 -0.025 0.051 0.067 0.132 0.155 0.217 0.289 0.338 0.357 0.431 0.438 0.489 0.555 0.586 0.667 0.701 0.738 0.829 0.883 0.899
-0.522 -0.564 -0.574 -0.615 -0.653 -0.688 -0.704 -0.742 -0.806 -0.833 -0.838 -0.861 -0.873 -0.923 -0.930 -0.940 -0.953 -0.987 -0.970 -0.989 -1.020 -1.008 -1.029 -1.038 -1.027 -1.026 -0.982 -0.977 -0.958 -0.972 -0.937 -0.941 -0.908 -0.897 -0.854 -0.857 -0.781 -0.776 -0.764 -0.683 -0.679 -0.630 -0.606 -0.565 -0.502 -0.470 -0.396 -0.389 -0.354 -0.292 -0.218 -0.187 -0.143 -0.115 -0.074 -0.002 0.052 0.097 0.135 0.158 0.224 0.272 0.338 0.376 0.412 0.471 0.481 0.563 0.570 0.617 0.713 0.764 0.804 0.823
-0.580 -0.651 -0.673 -0.708 -0.751 -0.747 -0.821 -0.832 -0.844 -0.897 -0.923 -0.936 -0.943 -0.993 -1.008 -1.035 -1.041 -1.046 -1.078 -1.057 -1.080 -1.062 -1.074 -1.066 -1.104 -1.101 -1.093 -1.038 -1.055 -1.034 -1.039 -0.981 -0.975 -0.948 -0.950 -0.882 -0.847 -0.857 -0.792 -0.771 -0.755 -0.687 -0.646 -0.594 -0.597 -0.525 -0.483 -0.458 -0.414 -0.336 -0.304 -0.274 -0.226 -0.181 -0.098 -0.088 -0.003 0.012 0.052 0.129 0.172 0.197 0.264 0.283 0.347 0.386 0.406 0.464 0.531 0.560 0.591 0.647 0.669 0.717
-0.710 -0.761 -0.760 -0.819 -0.834 -0.905 -0.911 -0.930 -0.995 -1.027 -1.034 -1.062 -1.084 -1.123 -1.135 -1.157 -1.175 -1.190 -1.170 -1.186 -1.215 -1.187 -1.201 -1.203 -1.190 -1.197 -1.171 -1.154 -1.134 -1.155 -1.109 -1.120 -1.103 -1.050 -1.014 -1.019 -0.994 -0.966 -0.899 -0.889 -0.814 -0.781 -0.761 -0.694 -0.660 -0.615 -0.585 -0.535 -0.507 -0.438 -0.425 -0.375 -0.301 -0.286 -0.227 -0.168 -0.159 -0.098 -0.040 0.022 0.046 0.086 0.110 0.171 0.210 0.261 0.301 0.350 0.391 0.441 0.445 0.528 0.567 0.601
-0.888 -0.923 -0.925 -0.951 -0.995 -1.059 -1.072 -1.102 -1.157 -1.173 -1.169 -1.233 -1.252 -1.235 -1.274 -1.271 -1.303 -1.306 -1.332 -1.326 -1.344 -1.324 -1.331 -1.349 -1.359 -1.324 -1.346 -1.311 -1.283 -1.270 -1.265 -1.252 -1.229 -1.185 -1.157 -1.129 -1.133 -1.067 -1.075 -1.005 -0.974 -0.927 -0.878 -0.886 -0.845 -0.792 -0.719 -0.706 -0.640 -0.596 -0.556 -0.518 -0.483 -0.412 -0.365 -0.319 -0.269 -0.237 -0.217 -0.147 -0.095 -0.057 -0.048 0.021 0.046 0.093 0.113 0.164 0.224 0.266 0.265 0.349 0.358 0.388
-1.068 -1.069 -1.146 -1.136 -1.174 -1.237 -1.252 -1.283 -1.311 -1.373 -1.357 -1.401 -1.409 -1.437 -1.446 -1.488 -1.468 -1.511 -1.495 -1.510 -1.506 -1.498 -1.507 -1.507 -1.504 -1.497 -1.498 -1.479 -1.479 -1.477 -1.455 -1.398 -1.395 -1.362 -1.359 -1.307 -1.303 -1.230 -1.245 -1.202 -1.161 -1.088 -1.086 -1.054 -0.973 -0.967 -0.928 -0.864 -0.813 -0.785 -0.738 -0.684 -0.655 -0.601 -0.540 -0.487 -0.484 -0.414 -0.377 -0.317 -0.315 -0.274 -0.210 -0.195 -0.135 -0.093 -0.050 -0.026 0.010 0.049 0.100 0.131 0.148 0.198
-1.215 -1.273 -1.288 -1.349 -1.353 -1.400 -1.442 -1.465 -1.490 -1.543 -1.546 -1.560 -1.586 -1.638 -1.625 -1.624 -1.645 -1.650 -1.662 -1.674 -1.684 -1.677 -1.692 -1.661 -1.690 -1.687 -1.652 -1.667 -1.654 -1.631 -1.597 -1.580 -1.580 -1.515 -1.484 -1.490 -1.469 -1.409 -1.387 -1.333 -1.338 -1.275 -1.223 -1.221 -1.160 -1.099 -1.099 -1.033 -1.010 -0.945 -0.894 -0.852 -0.822 -0.788 -0.747 -0.697 -0.665 -0.610 -0.546 -0.531 -0.471 -0.441 -0.408 -0.368 -0.321 -0.319 -0.267 -0.239 -0.171 -0.154 -0.136 -0.089 -0.081 -0.021
-1.370 -1.415 -1.433 -1.470 -1.511 -1.542 -1.584 -1.592 -1.632 -1.648 -1.690 -1.733 -1.726 -1.757 -1.782 -1.764 -1.794 -1.808 -1.817 -1.816 -1.806 -1.811 -1.799 -1.813 -1.797 -1.785 -1.792 -1.744 -1.726 -1.728 -1.715 -1.705 -1.673 -1.632 -1.646 -1.619 -1.552 -1.548 -1.488 -1.450 -1.452 -1.414 -1.362 -1.305 -1.276 -1.225 -1.224 -1.176 -1.110 -1.089 -1.046 -1.000 -0.948 -0.888 -0.889 -0.801 -0.786 -0.760 -0.717 -0.663 -0.644 -0.583 -0.533 -0.518 -0.469 -0.435 -0.410 -0.355 -0.349 -0.297 -0.294 -0.265 -0.219 -0.185
-1.444 -1.446 -1.492 -1.547 -1.576 -1.601 -1.645 -1.657 -1.688 -1.692 -1.719 -1.731 -1.756 -1.811 -1.780 -1.806 -1.830 -1.846 -1.836 -1.843 -1.839 -1.834 -1.811 -1.844 -1.804 -1.798 -1.789 -1.798 -1.782 -1.759 -1.754 -1.730 -1.717 -1.670 -1.670 -1.636 -1.575 -1.570 -1.553 -1.519 -1.467 -1.455 -1.377 -1.378 -1.344 -1.307 -1.237 -1.229 -1.161 -1.137 -1.100 -1.051 -1.008 -0.951 -0.901 -0.863 -0.825 -0.804 -0.747 -0.729 -0.671 -0.668 -0.631 -0.600 -0.537 -0.499 -0.461 -0.464 -0.422 -0.390 -0.374 -0.308 -0.324 -0.262
-1.377 -1.390 -1.454 -1.503 -1.540 -1.541 -1.595 -1.614 -1.627 -1.671 -1.685 -1.671 -1.724 -1.706 -1.737 -1.763 -1.760 -1.740 -1.750 -1.757 -1.787 -1.759 -1.771 -1.766 -1.733 -1.762 -1.703 -1.688 -1.689 -1.659 -1.666 -1.658 -1.628 -1.620 -1.579 -1.556 -1.502 -1.515 -1.474 -1.411 -1.416 -1.378 -1.315 -1.295 -1.240 -1.232 -1.209 -1.165 -1.107 -1.047 -1.036 -1.000 -0.947 -0.936 -0.894 -0.828 -0.799 -0.775 -0.724 -0.670 -0.636 -0.598 -0.567 -0.560 -0.531 -0.470 -0.444 -0.444 -0.372 -0.352 -0.344 -0.320 -0.267 -0.248
-1.266 -1.292 -1.326 -1.355 -1.386 -1.411 -1.441 -1.476 -1.507 -1.489 -1.535 -1.566 -1.585 -1.567 -1.612 -1.574 -1.626 -1.582 -1.607 -1.601 -1.596 -1.591 -1.577 -1.588 -1.582 -1.556 -1.544 -1.565 -1.509 -1.502 -1.510 -1.476 -1.449 -1.445 -1.417 -1.393 -1.381 -1.310 -1.297 -1.279 -1.264 -1.223 -1.194 -1.151 -1.130 -1.092 -1.023 -1.005 -0.970 -0.944 -0.899 -0.880 -0.818 -0.790 -0.753 -0.700 -0.653 -0.618 -0.614 -0.575 -0.513 -0.487 -0.475 -0.445 -0.417 -0.372 -0.335 -0.293 -0.282 -0.288 -0.242 -0.204 -0.174 -0.168
-1.061 -1.118 -1.124 -1.169 -1.225 -1.246 -1.267 -1.278 -1.316 -1.300 -1.340 -1.342 -1.369 -1.390 -1.386 -1.389 -1.407 -1.423 -1.407 -1.385 -1.396 -1.408 -1.395 -1.367 -1.359 -1.356 -1.361 -1.306 -1.297 -1.285 -1.291 -1.271 -1.260 -1.236 -1.179 -1.197 -1.170 -1.108 -1.082 -1.063 -1.040 -0.997 -0.989 -0.944 -0.907 -0.908 -0.873 -0.798 -0.784 -0.731 -0.729 -0.658 -0.655 -0.613 -0.574 -0.558 -0.505 -0.450 -0.446 -0.416 -0.352 -0.321 -0.330 -0.275 -0.267 -0.217 -0.214 -0.187 -0.146 -0.094 -0.076 -0.087 -0.056 -0.047
-0.890 -0.919 -0.953 -0.981 -1.006 -1.033 -1.070 -1.084 -1.124 -1.117 -1.132 -1.147 -1.149 -1.185 -1.201 -1.198 -1.203 -1.181 -1.169 -1.163 -1.167 -1.156 -1.153 -1.143 -1.147 -1.121 -1.139 -1.115 -1.073 -1.070 -1.065 -1.013 -1.022 -0.990 -0.980 -0.933 -0.928 -0.889 -0.913 -0.850 -0.832 -0.811 -0.799 -0.730 -0.714 -0.694 -0.652 -0.613 -0.593 -0.570 -0.508 -0.497 -0.449 -0.438 -0.395 -0.384 -0.346 -0.324 -0.266 -0.245 -0.228 -0.188 -0.154 -0.128 -0.111 -0.063 -0.047 0.001 0.017 0.037 0.057 0.082 0.086 0.122
-0.716 -0.779 -0.822 -0.836 -0.852 -0.886 -0.905 -0.906 -0.946 -0.951 -0.981 -0.964 -0.984 -0.992 -1.004 -1.004 -0.999 -0.977 -1.007 -1.003 -0.978 -0.982 -0.971 -0.931 -0.930 -0.919 -0.926 -0.897 -0.900 -0.885 -0.839 -0.821 -0.841 -0.782 -0.774 -0.771 -0.742 -0.703 -0.676 -0.701 -0.631 -0.633 -0.629 -0.574 -0.568 -0.504 -0.479 -0.475 -0.432 -0.400 -0.364 -0.325 -0.301 -0.261 -0.238 -0.232 -0.209 -0.144 -0.122 -0.085 -0.088 -0.026 -0.029 0.007 0.051 0.054 0.103 0.112 0.129 0.159 0.156 0.185 0.203 0.254
